# Hyperparameter Evolution Results
# Generations: 485
# Metrics:       0.58       0.5     0.512     0.158    0.0521    0.0299         0

lr0: 0.00678
lrf: 0.13
momentum: 0.98
weight_decay: 0.00048
warmup_epochs: 3.3
warmup_momentum: 0.875
warmup_bias_lr: 0.132
box: 0.0504
cls: 0.338
cls_pw: 1.06
obj: 1.31
obj_pw: 0.9
iou_t: 0.2
anchor_t: 3.54
fl_gamma: 0.0
hsv_h: 0.015
hsv_s: 0.613
hsv_v: 0.49
degrees: 0.0
translate: 0.0764
scale: 0.579
shear: 0.0
perspective: 0.0
flipud: 0.0
fliplr: 0.583
mosaic: 1.0
mixup: 0.0
copy_paste: 0.0
anchors: 3.1
